# logA ns H0 omegab omegam alpha_spk beta_spk gamma_spk LSST_DZ_S1 LSST_DZ_S2 LSST_DZ_S3 LSST_DZ_S4 LSST_DZ_S5 LSST_A1_1 LSST_A1_2 LSST_M1 LSST_M2 LSST_M3 LSST_M4 LSST_M5
4.890823525854287070e-03 3.287063405798151708e-04 -3.616981766923886565e-02 -1.861950482510882872e-05 -4.808510722230284690e-04 2.708013132273282280e-04 -5.634430573183961833e-04 1.753390846076127144e-04 -6.406016767306862987e-07 6.822777300070278700e-06 1.300206411917024130e-05 3.393992299820387985e-06 -3.550960961996540318e-06 -1.762209791118259268e-03 -1.147497193421556823e-02 1.171443059507686416e-05 2.537433932921802896e-05 2.500825330525861297e-05 -9.069063416443090959e-06 -1.095166373505426224e-04
3.287063405798151708e-04 1.489142907670712999e-04 -4.241187438835198643e-03 1.426209173518181010e-05 -1.235687303805549594e-05 -2.829780880796655502e-04 1.102738670980232854e-04 8.380164965902334737e-05 -6.509337737545406497e-07 -6.308206335629470435e-07 7.743906820309664924e-07 6.743679862369488604e-07 7.641914394015937733e-07 -5.599971130812451821e-06 -5.968588076960308500e-04 1.117777762738079446e-06 2.353765245503905667e-06 -9.157455314770185347e-07 -2.127161294399767502e-06 -5.100185508714669063e-06
-3.616981766923886565e-02 -4.241187438835198643e-03 3.320197602589241015e+00 3.232101011387612018e-03 -4.011583751918417276e-03 1.001824031841614315e-03 8.794581048923796537e-03 -6.177204861163095202e-03 -8.411603142725911629e-05 1.183586278064514456e-04 -1.332525582287487527e-04 -1.426439583608818330e-04 1.297212751353492717e-06 2.617798616005150274e-03 -1.567924421810931029e-02 -9.417399495454363426e-05 2.734420083113267130e-04 9.305840536548224805e-04 9.222574719145755625e-04 6.655874918683809139e-04
-1.861950482510882872e-05 1.426209173518181010e-05 3.232101011387612018e-03 2.334526286693125311e-05 2.481161517199623594e-05 7.035086857163524478e-05 2.438253895036731410e-05 5.931436566557615716e-06 2.318274553631850015e-07 -6.130524334939142670e-07 -6.796175044994486284e-07 -7.178335408010486334e-07 -3.083078132817783149e-07 3.426816029545283276e-05 1.353089048641143550e-04 5.243179964906119211e-07 -1.614954899134859056e-06 -2.674316380924187569e-06 -1.523904190067436620e-06 1.544615912998188853e-06
-4.808510722230284690e-04 -1.235687303805549594e-05 -4.011583751918417276e-03 2.481161517199623594e-05 1.146612446759021574e-04 8.459305787391785153e-05 6.204044871735100476e-05 1.332542490068427180e-05 9.213656323286506182e-07 -2.257662902381334550e-06 -2.169017246197427702e-06 -1.239378525998844407e-06 -3.072026790256831258e-07 2.592590496701977702e-04 1.848663393562799493e-03 -2.552480448559291865e-07 -6.888042877273408210e-06 -1.166997423736029447e-05 -6.400174734758606284e-06 1.093875068045386483e-05
2.708013132273282280e-04 -2.829780880796655502e-04 1.001824031841614315e-03 7.035086857163524478e-05 8.459305787391785153e-05 8.891779471217473724e-03 3.249552378709176167e-03 -8.522377334321728430e-05 7.899025628787400446e-06 4.724328410520275756e-06 -2.763205906427690762e-06 3.985439128949587089e-06 4.424329744617243540e-06 1.025521780785845052e-05 -1.128803063058836636e-03 5.136855857373672146e-06 -2.871223980829146205e-05 -2.828058421445753547e-05 -1.246223193876377671e-05 7.432643791953105960e-06
-5.634430573183961833e-04 1.102738670980232854e-04 8.794581048923796537e-03 2.438253895036731410e-05 6.204044871735100476e-05 3.249552378709176167e-03 3.306966314788247277e-03 7.981609053526273010e-04 5.853228377466805838e-06 3.392532829112228580e-06 1.813397932272439877e-06 3.416409409787153810e-06 3.969945979428350407e-06 2.467093168828019120e-04 1.838076458139483067e-03 -3.237361630994040448e-07 -1.552858304406504596e-06 -9.648509510141776389e-06 -6.398462099333149566e-06 5.323666400461118425e-06
1.753390846076127144e-04 8.380164965902334737e-05 -6.177204861163095202e-03 5.931436566557615716e-06 1.332542490068427180e-05 -8.522377334321725719e-05 7.981609053526273010e-04 9.346550879233748652e-03 2.197815303426607910e-07 3.983346836942309445e-06 -8.959373488552401962e-08 -6.522724813303584172e-07 -6.507203581759396697e-06 1.147825253158312532e-04 3.409620687702567127e-03 -4.009073397028113268e-06 9.228516184133455204e-06 3.278046587070023270e-06 -2.506387754342442812e-06 -1.284846955247623112e-05
-6.406016767306862987e-07 -6.509337737545406497e-07 -8.411603142725911629e-05 2.318274553631850015e-07 9.213656323286506182e-07 7.899025628787400446e-06 5.853228377466805838e-06 2.197815303426607910e-07 3.821986230417470587e-06 2.900855722525671760e-07 -9.470730801815181799e-08 -1.407750376940686869e-07 2.056046672825951027e-07 3.318084099551175843e-06 -3.399528336287867421e-04 -4.389292087845188048e-07 5.542358719312529262e-07 7.922650279004158482e-08 -1.126450644960634503e-07 -4.974379261486940201e-07
6.822777300070278700e-06 -6.308206335629470435e-07 1.183586278064514456e-04 -6.130524334939142670e-07 -2.257662902381334550e-06 4.724328410520275756e-06 3.392532829112228580e-06 3.983346836942309445e-06 2.900855722525671760e-07 3.172454483726132830e-06 5.477386456396374212e-07 3.096362603403611292e-07 -5.131557230245945483e-08 1.377540949902838334e-05 1.454634880558926561e-04 2.041366763392665130e-07 -1.755905583289965659e-06 9.283783275468159083e-07 7.403529545094150947e-07 5.728272617224919380e-07
1.300206411917024130e-05 7.743906820309664924e-07 -1.332525582287487527e-04 -6.796175044994486284e-07 -2.169017246197427702e-06 -2.763205906427690762e-06 1.813397932272439877e-06 -8.959373488552401962e-08 -9.470730801815181799e-08 5.477386456396374212e-07 3.148758027229466866e-06 4.212390569432546680e-07 3.079855599430043519e-08 6.863544207163193996e-06 1.685005427452241462e-04 -1.155751160985581447e-07 4.666069790025828356e-07 -1.721740016851631769e-06 5.219318936256642749e-07 3.573361278480014518e-07
3.393992299820388832e-06 6.743679862369488604e-07 -1.426439583608818330e-04 -7.178335408010486334e-07 -1.239378525998844407e-06 3.985439128949587089e-06 3.416409409787153810e-06 -6.522724813303584172e-07 -1.407750376940686869e-07 3.096362603403611821e-07 4.212390569432546680e-07 3.736241664674338869e-06 1.893836319261800915e-08 2.519543847010737519e-06 1.229137748349198791e-04 -4.180920951729252534e-07 3.673540069628318178e-07 7.487616466258518175e-07 -1.279215085349925776e-06 1.019081733956355497e-06
-3.550960961996540318e-06 7.641914394015937733e-07 1.297212751353505422e-06 -3.083078132817783149e-07 -3.072026790256831258e-07 4.424329744617243540e-06 3.969945979428350407e-06 -6.507203581759396697e-06 2.056046672825951027e-07 -5.131557230245945483e-08 3.079855599430043519e-08 1.893836319261800915e-08 3.858876966432838178e-06 -9.153859912783041293e-06 -1.112606517315200449e-04 -1.428878991980860460e-07 1.471603796887107109e-07 3.390820363729560877e-07 5.193395560656452332e-07 -1.000107824940716030e-06
-1.762209791118259268e-03 -5.599971130812451821e-06 2.617798616005150274e-03 3.426816029545283276e-05 2.592590496701977702e-04 1.025521780785845052e-05 2.467093168828019120e-04 1.147825253158312532e-04 3.318084099551175843e-06 1.377540949902838334e-05 6.863544207163193996e-06 2.519543847010737519e-06 -9.153859912783041293e-06 3.413436421544700783e-03 2.602939240041420021e-02 -1.197804390295731212e-06 -1.343813907229168468e-05 -3.146798753733526759e-05 -2.755174925806681539e-05 3.052476896252049774e-05
-1.147497193421556823e-02 -5.968588076960308500e-04 -1.567924421810931029e-02 1.353089048641143550e-04 1.848663393562799493e-03 -1.128803063058836636e-03 1.838076458139483067e-03 3.409620687702567127e-03 -3.399528336287867421e-04 1.454634880558926561e-04 1.685005427452241462e-04 1.229137748349198791e-04 -1.112606517315200449e-04 2.602939240041420021e-02 3.972523669784299161e-01 -2.495342969165413615e-04 -3.950024001441774195e-05 -9.237780337241249915e-05 -1.693741740557347180e-04 2.138208191308007145e-04
1.171443059507686416e-05 1.117777762738079446e-06 -9.417399495454364781e-05 5.243179964906119211e-07 -2.552480448559291865e-07 5.136855857373672146e-06 -3.237361630994036213e-07 -4.009073397028113268e-06 -4.389292087845188048e-07 2.041366763392665130e-07 -1.155751160985581447e-07 -4.180920951729252534e-07 -1.428878991980860725e-07 -1.197804390295730789e-06 -2.495342969165413615e-04 2.482012808730538639e-05 7.203869632604389693e-07 1.887030302746403700e-07 4.339188797488139386e-07 -1.776987035244793233e-07
2.537433932921802896e-05 2.353765245503906090e-06 2.734420083113267672e-04 -1.614954899134859056e-06 -6.888042877273408210e-06 -2.871223980829146205e-05 -1.552858304406504173e-06 9.228516184133455204e-06 5.542358719312529262e-07 -1.755905583289965659e-06 4.666069790025828356e-07 3.673540069628318178e-07 1.471603796887107109e-07 -1.343813907229168468e-05 -3.950024001441774195e-05 7.203869632604389693e-07 2.065643844274265268e-05 2.379937182969732721e-06 1.709483785681623980e-06 4.052298026288516656e-07
2.500825330525861297e-05 -9.157455314770185347e-07 9.305840536548224805e-04 -2.674316380924187569e-06 -1.166997423736029447e-05 -2.828058421445753547e-05 -9.648509510141776389e-06 3.278046587070023270e-06 7.922650279004158482e-08 9.283783275468159083e-07 -1.721740016851631769e-06 7.487616466258518175e-07 3.390820363729560877e-07 -3.146798753733526759e-05 -9.237780337241249915e-05 1.887030302746403700e-07 2.379937182969732721e-06 1.742967307344273333e-05 4.211080945410181660e-06 2.940241348860598487e-06
-9.069063416443090959e-06 -2.127161294399767502e-06 9.222574719145755625e-04 -1.523904190067436620e-06 -6.400174734758606284e-06 -1.246223193876377671e-05 -6.398462099333149566e-06 -2.506387754342441965e-06 -1.126450644960634503e-07 7.403529545094150947e-07 5.219318936256642749e-07 -1.279215085349925776e-06 5.193395560656452332e-07 -2.755174925806681539e-05 -1.693741740557347180e-04 4.339188797488139386e-07 1.709483785681623980e-06 4.211080945410181660e-06 1.442747724096955961e-05 6.038971142403001168e-06
-1.095166373505426224e-04 -5.100185508714669063e-06 6.655874918683809139e-04 1.544615912998188853e-06 1.093875068045386483e-05 7.432643791953105960e-06 5.323666400461118425e-06 -1.284846955247623112e-05 -4.974379261486940201e-07 5.728272617224919380e-07 3.573361278480014518e-07 1.019081733956355497e-06 -1.000107824940716030e-06 3.052476896252049774e-05 2.138208191308007145e-04 -1.776987035244793233e-07 4.052298026288516656e-07 2.940241348860598487e-06 6.038971142403001168e-06 1.565090915794567546e-05
